a = 0;
b = 1;
subdivisions = [10, 20, 30, 40, 50, 100, 150, 200, 250, 500, 1000];


